1000
81 79 23
43 42 58
64 2 90
92 32 64
38 75 50
14 32 13
22 81 88
12 2 57
20 29 95
50 30 62
51 85 87
39 46 54
57 41 74
66 17 29
12 83 67
28 61 2
29 41 61
33 34 68
76 29 79
10 64 12
1 4 26
92 82 77
93 64 64
71 8 31
52 34 45
24 98 1
29 64 18
78 4 93
61 98 60
47 16 27
52 70 45
38 91 61
84 48 49
4 97 72
1 22 76
5 15 17
11 72 31
61 46 22
80 57 95
82 78 96
34 36 36
32 87 98
70 6 57
82 0 88
88 92 43
7 19 86
60 33 86
93 74 49
16 62 2
86 80 78
30 97 75
10 93 57
45 77 7
42 94 38
79 34 81
3 16 64
0 26 96
13 80 49
95 1 93
70 11 38
46 11 15
59 25 87
50 14 33
64 28 65
99 23 17
8 47 57
76 39 92
65 74 44
16 98 32
78 1 14
27 88 30
91 14 88
47 94 14
95 8 83
21 62 83
44 0 92
51 34 22
92 82 55
40 10 1
63 22 27
44 41 1
3 73 98
96 2 15
4 99 95
50 43 38
70 75 97
79 9 46
18 44 35
52 40 83
79 90 61
58 30 95
85 93 97
92 66 92
0 61 59
0 58 10
50 89 4
70 97 45
8 51 29
32 31 68
57 88 36
0 92 46
62 48 67
39 12 39
87 10 20
60 63 95
78 99 39
39 64 69
30 50 76
6 51 72
74 83 32
84 92 20
70 10 54
31 22 5
28 93 23
48 75 40
54 68 59
46 83 76
42 14 72
87 62 38
11 1 34
34 70 45
99 59 6
29 69 34
15 2 52
16 8 77
35 70 85
12 43 19
12 67 94
61 77 49
25 11 81
14 72 52
37 97 23
91 89 78
34 21 1
53 55 35
82 80 93
22 47 75
73 92 98
9 54 62
23 41 40
88 86 71
84 87 52
49 21 1
57 34 47
42 0 29
40 75 45
90 48 7
12 17 20
15 2 93
76 96 24
20 86 75
53 78 69
34 85 3
36 58 6
62 21 91
64 29 73
39 32 54
69 41 49
57 12 40
92 31 99
98 32 22
10 56 42
91 54 95
97 7 80
12 23 25
85 23 88
13 94 94
33 79 68
37 69 37
7 31 64
95 69 48
0 32 44
11 44 26
24 32 22
28 14 43
96 95 10
97 38 36
50 38 52
99 70 77
17 90 20
2 86 17
50 30 99
0 71 15
27 8 18
94 96 6
34 93 96
47 80 55
98 31 45
96 17 5
40 79 25
34 79 18
51 67 25
3 70 18
97 48 8
60 72 98
74 35 5
86 95 91
1 4 29
24 44 71
38 77 43
94 35 52
10 63 22
52 39 77
23 53 52
23 65 3
78 62 40
55 92 24
1 56 84
73 43 98
53 34 46
0 18 88
73 30 77
61 39 36
20 26 52
43 24 67
28 70 64
90 65 74
1 25 46
46 84 42
43 82 60
37 72 81
50 88 10
14 70 79
80 8 41
83 12 43
12 16 89
22 28 71
93 96 72
57 64 14
36 60 16
37 22 63
38 46 16
22 19 67
26 98 51
20 91 50
79 52 41
38 13 15
22 74 46
21 76 5
34 15 87
97 58 80
83 28 58
88 95 54
68 55 62
11 84 2
15 19 47
4 60 76
41 16 12
23 2 22
70 0 85
41 43 12
50 64 15
86 1 87
90 84 50
64 65 10
73 29 53
38 67 59
87 16 60
19 61 48
54 99 63
41 14 21
98 89 3
98 49 76
66 74 2
15 39 23
43 47 23
11 98 2
1 52 80
72 17 76
8 8 91
72 68 11
25 58 31
12 58 33
92 7 26
8 33 49
98 83 40
67 78 15
72 23 99
72 54 55
99 72 36
33 10 21
59 46 79
61 2 14
26 32 56
4 64 95
72 22 57
76 72 57
52 65 14
96 31 10
68 79 18
24 57 81
36 34 41
83 23 46
5 94 14
39 51 64
79 24 44
13 68 36
99 75 58
29 12 66
49 66 70
42 17 45
64 18 70
31 58 29
31 41 30
18 33 54
34 3 43
87 7 86
86 57 91
61 64 12
40 72 41
29 18 65
24 16 16
62 53 34
5 66 69
17 78 32
99 26 49
13 32 82
1 74 52
46 82 5
36 61 95
16 85 82
5 28 75
56 20 58
62 57 56
26 85 10
67 52 66
47 75 95
54 96 12
48 0 25
7 5 44
13 29 62
90 49 77
49 85 55
74 81 56
84 40 85
41 12 37
15 74 99
51 73 49
21 47 13
37 21 3
48 70 63
95 27 19
47 26 33
9 26 26
96 36 94
63 7 33
89 55 53
88 23 64
50 71 63
34 16 77
0 87 42
85 20 24
14 28 85
89 57 16
85 80 45
39 86 95
54 78 84
71 48 80
95 6 24
81 28 57
79 96 84
85 96 38
56 82 38
84 28 28
69 32 33
71 61 95
50 61 72
10 8 46
29 48 61
43 57 17
36 85 55
77 67 80
2 82 72
90 51 17
53 1 89
8 19 78
11 69 94
42 22 40
57 90 79
14 9 95
7 86 18
91 89 96
96 31 25
58 87 87
60 28 76
15 68 37
43 29 35
84 17 55
97 21 64
86 60 34
5 56 94
48 78 39
19 77 97
57 78 9
21 64 47
79 17 7
57 6 80
53 25 96
86 31 57
71 41 83
96 50 2
91 76 18
29 15 72
36 43 53
6 52 82
26 85 76
79 71 65
8 23 84
45 38 76
60 17 2
60 57 7
13 1 58
74 62 83
59 27 85
94 81 26
52 27 86
29 40 95
44 42 18
8 91 62
70 11 68
52 93 32
47 62 72
41 39 77
8 36 69
33 92 49
9 5 46
50 47 68
38 45 35
87 44 63
62 71 33
66 89 77
89 6 90
71 43 3
68 77 47
97 46 37
4 91 10
54 1 92
13 26 28
28 26 23
5 70 70
33 51 24
13 17 1
80 71 62
27 66 90
25 41 46
83 22 24
97 52 58
80 84 71
24 20 26
83 61 25
91 76 46
59 37 94
56 94 3
67 57 81
44 36 72
19 26 55
92 50 45
17 91 99
85 83 75
7 60 79
84 40 48
33 24 32
15 72 35
22 83 16
58 22 37
39 27 85
35 17 36
71 43 91
45 20 83
33 77 44
26 3 50
75 69 94
10 75 3
83 22 2
36 37 31
89 14 84
59 12 92
43 54 68
27 84 36
83 6 97
72 75 75
65 15 47
84 32 35
94 76 86
68 88 84
27 66 52
33 49 59
24 95 11
41 71 11
69 23 33
48 20 26
52 26 44
82 18 83
95 46 25
85 86 94
53 13 84
55 11 40
7 24 31
83 18 38
73 38 74
51 64 83
17 27 20
92 26 14
22 99 81
39 55 96
21 86 54
58 38 39
8 91 73
56 42 15
39 85 9
94 33 16
64 56 52
80 83 63
64 66 78
95 13 90
22 20 10
68 57 29
0 97 92
7 36 85
12 41 69
67 36 44
42 10 42
26 89 18
82 84 24
77 89 72
18 97 63
61 18 3
32 5 52
54 71 74
3 77 63
25 50 37
80 71 88
88 72 24
80 13 6
79 35 36
97 33 75
27 69 27
50 58 61
52 2 96
9 78 48
16 25 83
9 52 4
87 43 9
38 39 5
37 75 32
25 40 42
25 23 75
41 98 22
84 33 74
78 48 32
22 82 52
69 46 94
67 47 18
47 37 75
17 63 24
40 93 15
38 37 58
12 4 33
12 24 98
5 48 54
96 30 57
46 76 45
84 16 3
23 9 28
92 46 73
0 85 85
81 86 19
85 33 17
63 80 93
48 57 22
20 60 16
69 37 70
83 96 64
75 20 49
69 36 36
97 5 77
23 95 1
9 63 98
27 57 16
98 65 64
98 3 73
93 18 25
37 80 58
72 61 37
74 26 28
87 92 81
75 97 77
2 30 43
48 26 56
40 13 12
3 34 4
40 82 3
13 94 19
78 37 18
22 44 99
84 51 91
69 69 3
7 37 57
78 53 99
88 34 65
49 34 33
28 38 37
96 67 53
52 89 89
36 59 7
52 33 29
63 48 43
78 96 20
12 39 98
15 92 55
33 96 55
10 85 83
81 12 41
40 10 66
96 9 37
58 39 96
66 74 16
4 49 87
21 10 34
91 70 10
18 4 44
62 91 34
58 84 58
67 68 10
2 63 32
29 31 46
81 62 33
73 62 85
16 45 1
0 5 52
71 15 5
58 73 41
36 32 38
62 93 57
20 49 4
32 45 56
69 86 9
1 61 77
95 2 15
64 2 23
50 66 41
7 37 63
81 94 88
31 49 95
51 69 34
8 60 28
0 85 73
85 1 62
53 20 33
48 48 29
14 78 26
41 98 42
20 9 50
28 56 78
51 82 59
76 77 36
61 75 39
18 83 89
20 92 57
33 33 16
18 15 60
29 77 72
96 94 11
54 13 47
51 24 40
16 14 37
5 37 7
31 29 94
29 97 73
34 3 77
32 4 87
58 31 35
96 71 98
27 23 67
4 88 79
89 64 1
92 25 97
71 94 17
0 2 93
80 85 90
43 21 63
9 65 43
98 55 46
10 42 72
13 5 2
74 68 26
31 56 91
20 96 52
94 43 5
50 59 79
62 2 90
33 3 37
73 32 55
25 42 74
47 73 14
47 76 54
1 95 3
33 90 89
62 60 10
77 88 32
97 84 50
55 71 93
67 39 60
49 63 79
81 87 48
65 53 50
86 37 26
58 59 25
84 79 47
34 60 75
77 96 90
3 89 20
66 75 83
73 61 25
45 91 67
83 35 99
17 43 80
98 80 80
21 21 64
35 41 67
3 63 10
77 25 33
42 9 4
38 88 43
48 36 3
73 96 92
87 30 82
96 72 44
99 95 94
71 6 8
46 91 49
78 37 45
7 56 98
98 47 31
78 26 86
82 40 56
53 12 48
93 62 9
57 38 31
47 88 88
74 28 71
78 27 65
71 21 36
98 15 29
72 25 81
43 19 65
62 59 37
60 13 7
77 42 74
28 59 40
82 39 38
93 40 7
25 78 46
5 51 24
91 72 27
36 52 47
95 98 68
26 81 84
75 59 65
7 42 75
49 43 47
62 26 90
94 24 49
14 94 46
56 72 41
55 76 17
37 70 26
64 68 90
13 99 65
86 18 54
39 25 66
92 42 8
33 20 90
37 73 59
3 73 17
5 51 86
61 55 44
7 75 41
96 28 67
8 71 25
98 44 24
96 18 83
37 57 18
24 3 60
97 23 44
17 62 62
47 26 29
93 32 5
67 34 67
47 56 56
41 80 79
58 5 47
72 35 48
38 28 79
14 60 13
73 5 32
34 26 95
14 59 19
79 82 73
43 64 33
0 7 61
92 54 10
70 90 74
44 17 97
43 78 62
25 24 12
18 93 82
42 90 70
44 86 79
60 5 47
12 38 72
56 52 44
18 17 38
83 3 36
47 86 44
99 21 35
54 47 69
56 41 52
4 22 80
61 6 2
21 63 42
48 16 60
22 46 50
66 73 85
75 63 56
66 69 40
82 15 87
90 84 47
85 9 54
76 97 17
81 82 7
82 39 50
72 17 99
83 46 76
49 40 20
47 46 56
62 10 35
46 52 17
19 63 86
31 80 46
13 87 14
97 56 50
89 9 92
7 71 76
25 91 92
50 51 70
20 94 71
71 84 9
42 48 80
7 13 74
64 9 74
40 72 66
43 65 25
21 93 26
78 10 47
57 85 39
42 76 56
73 51 76
14 77 39
15 56 38
75 75 93
11 7 20
65 45 52
29 4 34
66 8 40
82 9 21
95 16 7
20 61 36
53 85 27
57 17 98
44 63 82
68 17 16
47 17 12
48 36 53
73 74 13
15 4 71
3 26 12
57 2 3
44 3 69
48 27 2
67 1 64
97 32 97
62 97 78
20 1 47
72 18 68
25 31 4
50 6 51
10 15 82
16 28 81
50 57 45
30 67 44
63 72 11
46 0 49
37 70 5
84 2 14
62 8 7
94 21 14
80 71 86
27 78 54
87 63 93
43 81 75
81 56 23
26 76 46
61 14 9
49 6 32
75 46 98
74 57 78
67 26 46
1 80 22
83 48 82
17 23 34
53 39 94
7 14 92
95 87 19
50 59 76
73 18 82
17 98 76
32 20 99
76 8 71
9 20 19
69 48 75
48 37 88
65 84 29
71 95 63
83 90 52
72 74 49
14 74 41
49 18 47
56 51 31
58 85 6
46 29 57
98 67 83
78 2 9
35 63 75
20 17 22
86 71 74
17 33 49
85 83 66
10 24 55
17 47 55
28 57 46
34 29 9
55 7 80
9 24 87
83 97 25
44 42 52
31 7 11
5 63 99
18 28 78
52 36 60
28 52 73
52 80 39
66 69 55
74 55 51
6 67 37
93 26 90
74 52 67
78 58 35
73 87 40
7 49 44
89 54 95
18 44 38
67 97 12
10 87 45
20 44 75
85 54 25
94 78 36
86 98 97
59 79 15
16 77 33
99 80 92
5 74 83
1 2 7
46 61 54
67 38 72
32 97 2
79 56 39
92 98 33
4 96 5
5 77 29
97 71 59
30 74 28
85 6 39
25 18 92
97 49 8
3 31 70
9 94 15
49 10 50
48 5 29
41 31 68
23 74 75
85 73 30
56 78 34
66 49 67
1 44 33
86 20 99
22 63 47
5 27 17
76 72 46
51 45 38
